xof 0303txt 0032
template ColorRGBA {
 <35ff44e0-6c7c-11cf-8f52-0040333594a3>
 FLOAT red;
 FLOAT green;
 FLOAT blue;
 FLOAT alpha;
}

template ColorRGB {
 <d3e16e81-7835-11cf-8f52-0040333594a3>
 FLOAT red;
 FLOAT green;
 FLOAT blue;
}

template Material {
 <3d82ab4d-62da-11cf-ab39-0020af71e433>
 ColorRGBA faceColor;
 FLOAT power;
 ColorRGB specularColor;
 ColorRGB emissiveColor;
 [...]
}

template TextureFilename {
 <a42790e1-7810-11cf-8f52-0040333594a3>
 STRING filename;
}

template Frame {
 <3d82ab46-62da-11cf-ab39-0020af71e433>
 [...]
}

template Matrix4x4 {
 <f6f23f45-7686-11cf-8f52-0040333594a3>
 array FLOAT matrix[16];
}

template FrameTransformMatrix {
 <f6f23f41-7686-11cf-8f52-0040333594a3>
 Matrix4x4 frameMatrix;
}

template Vector {
 <3d82ab5e-62da-11cf-ab39-0020af71e433>
 FLOAT x;
 FLOAT y;
 FLOAT z;
}

template MeshFace {
 <3d82ab5f-62da-11cf-ab39-0020af71e433>
 DWORD nFaceVertexIndices;
 array DWORD faceVertexIndices[nFaceVertexIndices];
}

template Mesh {
 <3d82ab44-62da-11cf-ab39-0020af71e433>
 DWORD nVertices;
 array Vector vertices[nVertices];
 DWORD nFaces;
 array MeshFace faces[nFaces];
 [...]
}

template MeshNormals {
 <f6f23f43-7686-11cf-8f52-0040333594a3>
 DWORD nNormals;
 array Vector normals[nNormals];
 DWORD nFaceNormals;
 array MeshFace faceNormals[nFaceNormals];
}

template MeshMaterialList {
 <f6f23f42-7686-11cf-8f52-0040333594a3>
 DWORD nMaterials;
 DWORD nFaceIndexes;
 array DWORD faceIndexes[nFaceIndexes];
 [Material <3d82ab4d-62da-11cf-ab39-0020af71e433>]
}

template Coords2d {
 <f6f23f44-7686-11cf-8f52-0040333594a3>
 FLOAT u;
 FLOAT v;
}

template MeshTextureCoords {
 <f6f23f40-7686-11cf-8f52-0040333594a3>
 DWORD nTextureCoords;
 array Coords2d textureCoords[nTextureCoords];
}

template XSkinMeshHeader {
 <3cf169ce-ff7c-44ab-93c0-f78f62d172e2>
 WORD nMaxSkinWeightsPerVertex;
 WORD nMaxSkinWeightsPerFace;
 WORD nBones;
}

template SkinWeights {
 <6f0d123b-bad2-4167-a0d0-80224f25fabb>
 STRING transformNodeName;
 DWORD nWeights;
 array DWORD vertexIndices[nWeights];
 array FLOAT weights[nWeights];
 Matrix4x4 matrixOffset;
}

template AnimTicksPerSecond {
 <9e415a43-7ba6-4a73-8743-b73d47e88476>
 DWORD AnimTicksPerSecond;
}

template Animation {
 <3d82ab4f-62da-11cf-ab39-0020af71e433>
 [...]
}

template AnimationSet {
 <3d82ab50-62da-11cf-ab39-0020af71e433>
 [Animation <3d82ab4f-62da-11cf-ab39-0020af71e433>]
}

template FloatKeys {
 <10dd46a9-775b-11cf-8f52-0040333594a3>
 DWORD nValues;
 array FLOAT values[nValues];
}

template TimedFloatKeys {
 <f406b180-7b3b-11cf-8f52-0040333594a3>
 DWORD time;
 FloatKeys tfkeys;
}

template AnimationKey {
 <10dd46a8-775b-11cf-8f52-0040333594a3>
 DWORD keyType;
 DWORD nKeys;
 array TimedFloatKeys keys[nKeys];
}


Material Material__107 {
 1.000000;1.000000;1.000000;1.000000;;
 9.999999;
 0.000000;0.000000;0.000000;;
 0.000000;0.000000;0.000000;;

 TextureFilename {
  "Boilersuit_Spiifo.png";
 }
}

Frame Dummy01 {
 

 FrameTransformMatrix {
  1.000000,0.000000,0.000000,0.000000,0.000000,-0.000000,-1.000000,0.000000,0.000000,1.000000,-0.000000,0.000000,0.000000,0.000000,0.000000,1.000000;;
 }

 Frame Bip01 {
  

  FrameTransformMatrix {
   -0.086823,0.993118,-0.078605,0.000000,0.007596,0.079560,0.996801,0.000000,0.996195,0.085948,-0.014451,0.000000,-0.010000,-0.012284,0.487369,1.000000;;
  }

  Frame Bip01_Pelvis {
   

   FrameTransformMatrix {
    -0.042264,0.984200,0.171942,0.000000,0.027524,-0.170883,0.984907,0.000000,0.998727,0.046358,-0.019867,0.000000,0.000000,0.000000,0.000000,1.000000;;
   }

   Frame Bip01_Spine {
    

    FrameTransformMatrix {
     0.987767,-0.086566,-0.129706,0.000000,0.086190,0.996242,-0.008523,0.000000,0.129957,-0.002760,0.991516,0.000000,0.050807,-0.008823,0.002310,1.000000;;
    }

    Frame Bip01_Spine1 {
     

     FrameTransformMatrix {
      0.988533,-0.132590,0.072259,0.000000,0.142448,0.977605,-0.154911,0.000000,-0.050101,0.163428,0.985282,0.000000,0.106484,-0.000014,-0.000084,1.000000;;
     }

     Frame Bip01_Neck {
      

      FrameTransformMatrix {
       0.917306,0.000001,0.398183,0.000000,-0.000001,1.000000,-0.000000,0.000000,-0.398183,-0.000000,0.917306,0.000000,0.130515,0.000000,0.004627,1.000000;;
      }

      Frame Bip01_Head {
       

       FrameTransformMatrix {
        0.976746,-0.007464,-0.214270,0.000000,0.023983,0.996925,0.074597,0.000000,0.213054,-0.078002,0.973922,0.000000,0.033674,0.000000,-0.000000,1.000000;;
       }

       Frame Bip01_HeadNub {
        

        FrameTransformMatrix {
         1.000000,0.000000,0.000000,0.000000,0.000000,1.000000,-0.000000,0.000000,0.000000,0.000000,1.000000,0.000000,0.169824,0.000000,-0.000000,1.000000;;
        }
       }
      }

      Frame Bip01_L_Clavicle {
       

       FrameTransformMatrix {
        -0.253901,0.960903,0.110451,0.000000,0.881137,0.276885,-0.383317,0.000000,-0.398913,-0.000003,-0.916989,0.000000,-0.023890,0.015715,0.005326,1.000000;;
       }

       Frame Bip01_L_UpperArm {
        

        FrameTransformMatrix {
         0.328221,-0.888363,0.321064,0.000000,0.922887,0.374043,0.091495,0.000000,-0.201373,0.266276,0.942627,0.000000,0.087086,0.000000,0.000000,1.000000;;
        }

        Frame Bip01_L_Forearm {
         

         FrameTransformMatrix {
          0.943939,0.000000,-0.330119,0.000000,-0.000000,1.000000,0.000000,0.000000,0.330119,0.000000,0.943939,0.000000,0.137062,0.000000,0.000000,1.000000;;
         }

         Frame Bip01_L_Hand {
          

          FrameTransformMatrix {
           1.000000,0.000000,-0.000000,0.000000,-0.000000,0.000796,1.000000,0.000000,0.000000,-1.000000,0.000796,0.000000,0.137062,0.000000,-0.000000,1.000000;;
          }

          Frame Bip01_L_Finger0 {
           

           FrameTransformMatrix {
            0.690342,-0.181728,0.700288,0.000000,0.558537,0.749101,-0.356210,0.000000,-0.459853,0.637043,0.618637,0.000000,0.057681,-0.023605,-0.000272,1.000000;;
           }

           Frame Bip01_L_Finger0Nub {
            

            FrameTransformMatrix {
             1.000000,-0.000000,0.000000,0.000000,-0.000000,1.000000,0.000000,0.000000,0.000000,0.000000,1.000000,0.000000,0.029435,-0.000000,0.000000,1.000000;;
            }
           }
          }

          Frame Bip01_L_Finger1 {
           

           FrameTransformMatrix {
            0.728079,-0.000546,0.685493,0.000000,-0.000000,1.000000,0.000796,0.000000,-0.685493,-0.000580,0.728079,0.000000,0.084102,0.000000,0.000000,1.000000;;
           }

           Frame Bip01_L_Finger1Nub {
            

            FrameTransformMatrix {
             1.000000,0.000000,0.000000,0.000000,0.000000,1.000000,0.000000,0.000000,-0.000000,0.000000,1.000000,0.000000,0.047988,0.000000,0.000000,1.000000;;
            }
           }
          }
         }
        }
       }
      }

      Frame Bip01_R_Clavicle {
       

       FrameTransformMatrix {
        -0.126461,-0.990445,0.055016,0.000000,-0.908227,0.137910,0.395101,0.000000,-0.398913,-0.000003,-0.916989,0.000000,-0.023890,-0.015714,0.005326,1.000000;;
       }

       Frame Bip01_R_UpperArm {
        

        FrameTransformMatrix {
         0.344214,0.938788,0.013900,0.000000,-0.909330,0.329655,0.253862,0.000000,0.233741,-0.100022,0.967141,0.000000,0.087086,0.000000,0.000000,1.000000;;
        }

        Frame Bip01_R_Forearm {
         

         FrameTransformMatrix {
          0.971548,-0.000000,-0.236845,0.000000,0.000000,1.000000,-0.000000,0.000000,0.236845,0.000000,0.971547,0.000000,0.137062,0.000000,-0.000000,1.000000;;
         }

         Frame Bip01_R_Hand {
          

          FrameTransformMatrix {
           0.975195,0.000000,-0.221346,0.000000,-0.221346,0.000796,-0.975195,0.000000,0.000176,1.000000,0.000777,0.000000,0.137062,0.000000,-0.000000,1.000000;;
          }

          Frame Bip01_R_Finger0 {
           

           FrameTransformMatrix {
            0.417774,-0.116941,0.900994,0.000000,-0.558537,0.749101,0.356210,0.000000,-0.716591,-0.652054,0.247639,0.000000,0.057681,0.023605,-0.000272,1.000000;;
           }

           Frame Bip01_R_Finger0Nub {
            

            FrameTransformMatrix {
             -1.000000,-0.000000,0.000000,0.000000,-0.000000,1.000000,0.000000,0.000000,0.000000,0.000000,-1.000000,0.000000,0.029435,0.000000,0.000000,1.000000;;
            }
           }
          }

          Frame Bip01_R_Finger1 {
           

           FrameTransformMatrix {
            0.352436,0.000745,0.935835,0.000000,-0.081563,0.996219,0.029924,0.000000,-0.932275,-0.086876,0.351165,0.000000,0.084102,0.000000,0.000000,1.000000;;
           }

           Frame Bip01_R_Finger1Nub {
            

            FrameTransformMatrix {
             -1.000000,0.000000,0.000000,0.000000,-0.000000,1.000000,0.000000,0.000000,0.000000,-0.000000,-1.000000,0.000000,0.047988,0.000000,0.000000,1.000000;;
            }
           }
          }
         }
        }
       }
      }
     }

     Frame Bip01_BackPack {
      

      FrameTransformMatrix {
       0.180560,0.080500,-0.980264,0.000000,0.047560,0.994765,0.090451,0.000000,0.982413,-0.062954,0.175786,0.000000,0.063697,0.000003,-0.088856,1.000000;;
      }

      Frame Bip01_BackPackNub {
       

       FrameTransformMatrix {
        0.000796,0.000003,1.000000,0.000000,0.000000,-1.000000,0.000003,0.000000,1.000000,-0.000000,-0.000796,0.000000,0.053240,0.000000,0.000000,1.000000;;
       }
      }
     }
    }

    Frame Bip01_L_Thigh {
     

     FrameTransformMatrix {
      -0.896114,0.099687,0.432484,0.000000,-0.110664,-0.993858,-0.000216,0.000000,0.429806,-0.048054,0.901641,0.000000,-0.055430,0.059448,-0.009069,1.000000;;
     }

     Frame Bip01_L_Calf {
      

      FrameTransformMatrix {
       0.925355,-0.000000,-0.379102,0.000000,0.000000,1.000000,-0.000000,0.000000,0.379102,-0.000000,0.925355,0.000000,0.237500,0.000000,0.000000,1.000000;;
      }

      Frame Bip01_L_Foot {
       

       FrameTransformMatrix {
        0.972362,-0.021824,0.232456,0.000000,0.014595,0.999356,0.032776,0.000000,-0.233022,-0.028477,0.972054,0.000000,0.206841,0.000000,0.000000,1.000000;;
       }

       Frame Bip01_L_Toe0 {
        

        FrameTransformMatrix {
         0.203422,-0.052732,0.977670,0.000000,0.010742,0.998609,0.051627,0.000000,-0.979032,-0.000000,0.203705,0.000000,0.065373,-0.000000,0.066450,1.000000;;
        }

        Frame Bip01_L_Toe0Nub {
         

         FrameTransformMatrix {
          -1.000000,0.000000,0.000000,0.000000,0.000000,1.000000,0.000000,0.000000,-0.000000,0.000000,-1.000000,0.000000,0.006735,0.000000,-0.000000,1.000000;;
         }
        }
       }
      }
     }
    }

    Frame Bip01_R_Thigh {
     

     FrameTransformMatrix {
      -0.973817,0.129476,-0.186863,0.000000,-0.128549,-0.991556,-0.017118,0.000000,-0.187501,0.007351,0.982237,0.000000,-0.045868,-0.050587,-0.008765,1.000000;;
     }

     Frame Bip01_R_Calf {
      

      FrameTransformMatrix {
       0.781916,0.000000,-0.623383,0.000000,0.000000,1.000000,-0.000000,0.000000,0.623384,0.000000,0.781916,0.000000,0.237500,0.000000,0.000000,1.000000;;
      }

      Frame Bip01_R_Foot {
       

       FrameTransformMatrix {
        0.985240,0.095666,-0.141951,0.000000,-0.074722,0.986433,0.146169,0.000000,0.154009,-0.133405,0.979022,0.000000,0.206841,0.000000,-0.000000,1.000000;;
       }

       Frame Bip01_R_Toe0 {
        

        FrameTransformMatrix {
         0.000001,0.000002,1.000000,0.000000,0.000001,1.000000,-0.000002,0.000000,-1.000000,0.000001,0.000001,0.000000,0.065373,-0.000000,0.066450,1.000000;;
        }

        Frame Bip01_R_Toe0Nub {
         

         FrameTransformMatrix {
          1.000000,0.000000,0.000000,0.000000,-0.000000,1.000000,0.000000,0.000000,-0.000000,-0.000000,1.000000,0.000000,0.006735,0.000000,0.000000,1.000000;;
         }
        }
       }
      }
     }
    }
   }

   Frame Bip01_DressFront {
    

    FrameTransformMatrix {
     -0.934132,0.128225,0.333101,0.000000,0.240714,0.915391,0.322671,0.000000,-0.263543,0.381599,-0.885961,0.000000,-0.043963,0.001344,0.061071,1.000000;;
    }

    Frame Bip01_DressFront02 {
     

     FrameTransformMatrix {
      0.912593,0.000001,0.408870,0.000000,-0.000001,1.000000,-0.000000,0.000000,-0.408870,-0.000000,0.912593,0.000000,0.183378,-0.000000,-0.000120,1.000000;;
     }

     Frame Bip01_DressFrontNub {
      

      FrameTransformMatrix {
       0.000796,0.000003,1.000000,0.000000,-0.000000,-1.000000,0.000003,0.000000,1.000000,0.000000,-0.000796,0.000000,0.165302,-0.000000,0.000000,1.000000;;
      }
     }
    }
   }

   Frame Bip01_DressBack {
    

    FrameTransformMatrix {
     -0.858478,0.255632,0.444600,0.000000,0.369004,0.909942,0.189318,0.000000,-0.356164,0.326584,-0.875494,0.000000,-0.047682,-0.000046,-0.078297,1.000000;;
    }

    Frame Bip01_DressBack02 {
     

     FrameTransformMatrix {
      0.933670,-0.058589,0.353309,0.000000,0.015064,0.992079,0.124707,0.000000,-0.357817,-0.111113,0.927157,0.000000,0.176198,0.000012,-0.000101,1.000000;;
     }

     Frame Bip01_DressBackNub {
      

      FrameTransformMatrix {
       0.000796,0.000003,1.000000,0.000000,0.000000,-1.000000,0.000003,0.000000,1.000000,0.000000,-0.000796,0.000000,0.136508,0.000000,-0.000000,1.000000;;
      }
     }
    }
   }
  }

  Frame Bip01_Prop1 {
   

   FrameTransformMatrix {
    0.449916,-0.886582,0.107463,0.000000,0.798979,0.453351,0.395101,0.000000,-0.399008,-0.091902,0.912330,0.000000,0.046954,-0.088180,-0.111402,1.000000;;
   }
  }

  Frame Bip01_Prop2 {
   

   FrameTransformMatrix {
    0.270457,0.549392,-0.790583,0.000000,0.312120,-0.826870,-0.467833,0.000000,-0.910732,-0.120228,-0.395110,0.000000,-0.061738,-0.027278,0.132557,1.000000;;
   }
  }
 }
}

Frame Translation_Data {
 

 FrameTransformMatrix {
  1.000000,0.000000,0.000000,0.000000,0.000000,-0.000000,-1.000000,0.000000,0.000000,1.000000,-0.000000,0.000000,0.000000,0.000000,0.000000,1.000000;;
 }
}

Frame Kate_SpiffoTail {
 

 FrameTransformMatrix {
  1.000000,0.000000,0.000000,0.000000,0.000000,1.000000,0.000000,0.000000,0.000000,0.000000,1.000000,0.000000,0.000000,0.000000,0.000000,1.000000;;
 }

 Mesh Kate_SpiffoTail {
  39;
  0.004254;0.478635;0.170460;,
  -0.048580;0.543402;0.164665;,
  -0.041230;0.486353;0.144931;,
  0.013649;0.533193;0.205415;,
  -0.033345;0.538044;0.096426;,
  -0.029498;0.482700;0.099980;,
  -0.029498;0.482700;0.099980;,
  0.038193;0.527580;0.089433;,
  0.022925;0.472685;0.094703;,
  -0.033345;0.538044;0.096426;,
  0.067171;0.526470;0.153351;,
  0.043591;0.470149;0.136392;,
  -0.059024;0.593130;0.164687;,
  0.014438;0.580176;0.212806;,
  -0.037272;0.602432;0.080729;,
  0.048605;0.595428;0.074118;,
  -0.037272;0.602432;0.080729;,
  0.080554;0.580468;0.153080;,
  -0.070130;0.648684;0.158196;,
  -0.001052;0.635503;0.209389;,
  -0.041427;0.669987;0.075151;,
  0.045315;0.667996;0.075901;,
  -0.041427;0.669987;0.075151;,
  0.070223;0.645463;0.159410;,
  -0.068262;0.705896;0.146763;,
  -0.012030;0.691204;0.189410;,
  -0.041217;0.732176;0.076527;,
  0.031260;0.734158;0.081919;,
  -0.041217;0.732176;0.076527;,
  0.049009;0.709103;0.155489;,
  -0.053944;0.755942;0.143986;,
  -0.012057;0.738604;0.172355;,
  -0.034260;0.784373;0.092421;,
  0.019203;0.785835;0.096399;,
  -0.034260;0.784373;0.092421;,
  0.032561;0.758307;0.150423;,
  -0.008119;0.451155;0.099704;,
  -0.008119;0.451155;0.099704;,
  -0.012974;0.827442;0.152039;;
  60;
  3;0,1,2;,
  3;1,0,3;,
  3;2,4,5;,
  3;4,2,1;,
  3;6,7,8;,
  3;7,6,9;,
  3;8,10,11;,
  3;10,8,7;,
  3;11,3,0;,
  3;3,11,10;,
  3;3,12,1;,
  3;12,3,13;,
  3;1,14,4;,
  3;14,1,12;,
  3;9,15,7;,
  3;15,9,16;,
  3;7,17,10;,
  3;17,7,15;,
  3;10,13,3;,
  3;13,10,17;,
  3;13,18,12;,
  3;18,13,19;,
  3;12,20,14;,
  3;20,12,18;,
  3;16,21,15;,
  3;21,16,22;,
  3;15,23,17;,
  3;23,15,21;,
  3;17,19,13;,
  3;19,17,23;,
  3;19,24,18;,
  3;24,19,25;,
  3;18,26,20;,
  3;26,18,24;,
  3;22,27,21;,
  3;27,22,28;,
  3;21,29,23;,
  3;29,21,27;,
  3;23,25,19;,
  3;25,23,29;,
  3;25,30,24;,
  3;30,25,31;,
  3;24,32,26;,
  3;32,24,30;,
  3;28,33,27;,
  3;33,28,34;,
  3;27,35,29;,
  3;35,27,33;,
  3;29,31,25;,
  3;31,29,35;,
  3;2,36,0;,
  3;5,36,2;,
  3;8,37,6;,
  3;11,37,8;,
  3;0,37,11;,
  3;31,38,30;,
  3;30,38,32;,
  3;34,38,33;,
  3;33,38,35;,
  3;35,38,31;;

  MeshNormals {
   39;
   -0.058146;-0.704802;0.707017;,
   -0.891323;-0.215076;0.399107;,
   -0.827703;-0.482754;0.286106;,
   0.069525;-0.324342;0.943381;,
   -0.678575;-0.149185;-0.719222;,
   -0.677020;-0.270450;-0.684471;,
   -0.677020;-0.270450;-0.684471;,
   0.494638;-0.242190;-0.834672;,
   0.436728;-0.434816;-0.787530;,
   -0.678575;-0.149185;-0.719222;,
   0.917815;-0.329319;0.221732;,
   0.701341;-0.703438;0.115307;,
   -0.923937;-0.145131;0.353945;,
   0.117362;-0.021506;0.992856;,
   -0.616087;-0.147969;-0.773655;,
   0.535810;-0.086352;-0.839912;,
   -0.616087;-0.147969;-0.773655;,
   0.977461;-0.044405;0.206392;,
   -0.955518;-0.037170;0.292582;,
   -0.033772;0.147645;0.988464;,
   -0.572386;-0.037961;-0.819105;,
   0.620842;0.128933;-0.773260;,
   -0.572386;-0.037961;-0.819105;,
   0.906493;0.206263;0.368411;,
   -0.954334;0.148765;0.259069;,
   -0.088830;0.291802;0.952345;,
   -0.544324;0.165497;-0.822388;,
   0.630093;0.263135;-0.730577;,
   -0.544324;0.165497;-0.822388;,
   0.832780;0.314738;0.455431;,
   -0.869124;0.336075;0.362873;,
   -0.051860;0.283330;0.957619;,
   -0.512941;0.559411;-0.651116;,
   0.577730;0.584802;-0.569416;,
   -0.512941;0.559411;-0.651116;,
   0.796142;0.363071;0.484084;,
   -0.211027;-0.855070;-0.473627;,
   -0.211027;-0.855070;-0.473627;,
   -0.053404;0.924205;0.378146;;
   60;
   3;0,1,2;,
   3;1,0,3;,
   3;2,4,5;,
   3;4,2,1;,
   3;6,7,8;,
   3;7,6,9;,
   3;8,10,11;,
   3;10,8,7;,
   3;11,3,0;,
   3;3,11,10;,
   3;3,12,1;,
   3;12,3,13;,
   3;1,14,4;,
   3;14,1,12;,
   3;9,15,7;,
   3;15,9,16;,
   3;7,17,10;,
   3;17,7,15;,
   3;10,13,3;,
   3;13,10,17;,
   3;13,18,12;,
   3;18,13,19;,
   3;12,20,14;,
   3;20,12,18;,
   3;16,21,15;,
   3;21,16,22;,
   3;15,23,17;,
   3;23,15,21;,
   3;17,19,13;,
   3;19,17,23;,
   3;19,24,18;,
   3;24,19,25;,
   3;18,26,20;,
   3;26,18,24;,
   3;22,27,21;,
   3;27,22,28;,
   3;21,29,23;,
   3;29,21,27;,
   3;23,25,19;,
   3;25,23,29;,
   3;25,30,24;,
   3;30,25,31;,
   3;24,32,26;,
   3;32,24,30;,
   3;28,33,27;,
   3;33,28,34;,
   3;27,35,29;,
   3;35,27,33;,
   3;29,31,25;,
   3;31,29,35;,
   3;2,36,0;,
   3;5,36,2;,
   3;8,37,6;,
   3;11,37,8;,
   3;0,37,11;,
   3;31,38,30;,
   3;30,38,32;,
   3;34,38,33;,
   3;33,38,35;,
   3;35,38,31;;
  }

  MeshMaterialList {
   1;
   60;
   0,
   0,
   0,
   0,
   0,
   0,
   0,
   0,
   0,
   0,
   0,
   0,
   0,
   0,
   0,
   0,
   0,
   0,
   0,
   0,
   0,
   0,
   0,
   0,
   0,
   0,
   0,
   0,
   0,
   0,
   0,
   0,
   0,
   0,
   0,
   0,
   0,
   0,
   0,
   0,
   0,
   0,
   0,
   0,
   0,
   0,
   0,
   0,
   0,
   0,
   0,
   0,
   0,
   0,
   0,
   0,
   0,
   0,
   0,
   0;
   { Material__107 }
  }

  MeshTextureCoords tc0 {
   39;
   0.897386;0.963950;,
   0.936876;0.941279;,
   0.929871;0.960385;,
   0.899760;0.944331;,
   0.970434;0.955301;,
   0.948212;0.976806;,
   0.826068;0.990976;,
   0.828579;0.952018;,
   0.843699;0.971025;,
   0.798207;0.970392;,
   0.863010;0.942853;,
   0.865832;0.959357;,
   0.941045;0.922757;,
   0.900638;0.929644;,
   0.983269;0.924313;,
   0.820534;0.931039;,
   0.779636;0.937273;,
   0.860393;0.928768;,
   0.938454;0.906098;,
   0.900099;0.917720;,
   0.977877;0.890549;,
   0.821282;0.910236;,
   0.781577;0.898695;,
   0.860748;0.916434;,
   0.929420;0.889720;,
   0.897727;0.903566;,
   0.955661;0.864664;,
   0.830518;0.890111;,
   0.803422;0.867603;,
   0.863455;0.902548;,
   0.914865;0.874112;,
   0.893334;0.886925;,
   0.926101;0.850693;,
   0.847548;0.872906;,
   0.835758;0.850708;,
   0.868164;0.885994;,
   0.933410;0.991952;,
   0.850679;0.987200;,
   0.882405;0.855113;;
  }

  XSkinMeshHeader {
   3;
   4;
   4;
  }

  SkinWeights {
   "Bip01_Pelvis";
   20;
   0,
   1,
   2,
   3,
   4,
   5,
   6,
   7,
   8,
   9,
   10,
   11,
   12,
   13,
   14,
   15,
   16,
   17,
   36,
   37;
   1.000000,
   0.500000,
   1.000000,
   0.500000,
   0.500000,
   1.000000,
   1.000000,
   0.500000,
   1.000000,
   0.500000,
   0.500000,
   1.000000,
   0.200000,
   0.200000,
   0.200000,
   0.200000,
   0.200000,
   0.200000,
   1.000000,
   1.000000;
   0.182433,0.977471,-0.106152,0.000000,0.981889,-0.186733,-0.032007,0.000000,-0.051109,-0.098390,-0.993835,0.000000,-0.476091,0.101991,0.026746,1.000000;;
  }

  SkinWeights {
   "Bip01_BackPack";
   4;
   12,
   13,
   15,
   17;
   0.160000,
   0.160000,
   0.160000,
   0.160000;
   0.003021,0.996898,-0.078650,0.000000,0.154354,0.077243,0.984991,0.000000,0.988011,-0.015116,-0.153642,0.000000,-0.215445,-0.046524,-0.678685,1.000000;;
  }

  SkinWeights {
   "Bip01_Spine";
   18;
   1,
   3,
   4,
   7,
   9,
   10,
   12,
   13,
   14,
   15,
   16,
   17,
   18,
   19,
   20,
   21,
   22,
   23;
   0.500000,
   0.500000,
   0.500000,
   0.500000,
   0.500000,
   0.500000,
   0.640000,
   0.640000,
   0.800000,
   0.640000,
   0.800000,
   0.640000,
   0.390000,
   0.390000,
   0.390000,
   0.390000,
   0.390000,
   0.390000;
   0.109354,0.990427,-0.084241,0.000000,0.990193,-0.101130,0.096382,0.000000,0.086940,-0.093955,-0.991773,0.000000,-0.533214,0.064777,-0.044551,1.000000;;
  }

  SkinWeights {
   "Bip01_Spine1";
   19;
   18,
   19,
   20,
   21,
   22,
   23,
   24,
   25,
   26,
   27,
   28,
   29,
   30,
   31,
   32,
   33,
   34,
   35,
   38;
   0.610000,
   0.610000,
   0.610000,
   0.610000,
   0.610000,
   0.610000,
   1.000000,
   1.000000,
   1.000000,
   1.000000,
   1.000000,
   1.000000,
   1.000000,
   1.000000,
   1.000000,
   1.000000,
   1.000000,
   1.000000,
   1.000000;
   -0.029308,0.996873,0.073383,0.000000,0.999213,0.027255,0.028827,0.000000,0.026736,0.074171,-0.996887,0.000000,-0.644166,-0.020896,-0.001175,1.000000;;
  }
 }
}

AnimTicksPerSecond  {
 4800;
}

AnimationSet Kate_Walk {
 

 Animation {
  
  { Dummy01 }

  AnimationKey R {
   0;
   2;
   0;4;0.707107,0.707107,0.000000,0.000000;;,
   3200;4;0.707107,0.707107,0.000000,0.000000;;;
  }

  AnimationKey S {
   1;
   2;
   0;3;1.000000,1.000000,1.000000;;,
   3200;3;1.000000,1.000000,1.000000;;;
  }

  AnimationKey T {
   2;
   2;
   0;3;0.000000,0.000000,0.000000;;,
   3200;3;0.000000,-0.000000,0.000000;;;
  }
 }

 Animation {
  
  { Bip01 }

  AnimationKey R {
   0;
   21;
   0;4;-0.494542,0.460453,0.543331,0.498200;;,
   160;4;-0.501567,0.465150,0.537915,0.492660;;,
   320;4;-0.507135,0.469560,0.532667,0.488461;;,
   480;4;-0.511678,0.473487,0.527807,0.485196;;,
   640;4;-0.515635,0.476871,0.523416,0.482441;;,
   800;4;-0.519429,0.479785,0.519428,0.479785;;,
   960;4;-0.524624,0.482471,0.515379,0.475790;;,
   1120;4;-0.531332,0.486100,0.510085,0.470326;;,
   1280;4;-0.537582,0.491075,0.503465,0.465160;;,
   1440;4;-0.541812,0.495975,0.497286,0.461687;;,
   1600;4;-0.543330,0.498202,0.494539,0.460454;;,
   1760;4;-0.541812,0.495975,0.497286,0.461687;;,
   1920;4;-0.537582,0.491075,0.503465,0.465160;;,
   2080;4;-0.531332,0.486100,0.510085,0.470326;;,
   2240;4;-0.524624,0.482471,0.515379,0.475790;;,
   2400;4;-0.519429,0.479785,0.519428,0.479785;;,
   2560;4;-0.515635,0.476871,0.523416,0.482441;;,
   2720;4;-0.511678,0.473487,0.527807,0.485196;;,
   2880;4;-0.507135,0.469560,0.532667,0.488461;;,
   3040;4;-0.501567,0.465150,0.537915,0.492660;;,
   3200;4;-0.494542,0.460453,0.543331,0.498200;;;
  }

  AnimationKey S {
   1;
   2;
   0;3;1.000000,1.000000,1.000000;;,
   3200;3;1.000000,1.000000,1.000000;;;
  }

  AnimationKey T {
   2;
   21;
   0;3;-0.010000,-0.012284,0.487369;;,
   160;3;-0.008462,-0.012284,0.487004;;,
   320;3;-0.004709,-0.012284,0.487489;;,
   480;3;0.000033,-0.012284,0.488411;;,
   640;3;0.004574,-0.012284,0.489369;;,
   800;3;0.007702,-0.012284,0.489954;;,
   960;3;0.009511,-0.012284,0.489993;;,
   1120;3;0.010825,-0.012284,0.489652;;,
   1280;3;0.011471,-0.012284,0.489037;;,
   1440;3;0.011263,-0.012284,0.488245;;,
   1600;3;0.010000,-0.012284,0.487371;;,
   1760;3;0.006936,-0.012284,0.487042;;,
   1920;3;0.002231,-0.012284,0.487556;;,
   2080;3;-0.003028,-0.012284,0.488481;;,
   2240;3;-0.007786,-0.012284,0.489417;;,
   2400;3;-0.010957,-0.012284,0.489956;;,
   2560;3;-0.012126,-0.012284,0.489943;;,
   2720;3;-0.012044,-0.012284,0.489576;;,
   2880;3;-0.011289,-0.012284,0.488959;;,
   3040;3;-0.010420,-0.012284,0.488192;;,
   3200;3;-0.010000,-0.012284,0.487371;;;
  }
 }

 Animation {
  
  { Bip01_Pelvis }

  AnimationKey R {
   0;
   21;
   0;4;-0.437889,0.535837,0.472030,0.546187;;,
   160;4;-0.469081,0.508088,0.500281,0.521084;;,
   320;4;-0.495758,0.483434,0.521442,0.498613;;,
   480;4;-0.517888,0.462535,0.536825,0.479242;;,
   640;4;-0.535310,0.445842,0.547564,0.463510;;,
   800;4;-0.547706,0.433688,0.554630,0.452016;;,
   960;4;-0.554917,0.426919,0.557605,0.445965;;,
   1120;4;-0.557647,0.425534,0.556362,0.445435;;,
   1280;4;-0.556519,0.428569,0.551989,0.449360;;,
   1440;4;-0.551978,0.435110,0.545397,0.456664;;,
   1600;4;-0.544389,0.444314,0.537429,0.466257;;,
   1760;4;-0.531006,0.458859,0.525850,0.480586;;,
   1920;4;-0.511160,0.478849,0.509596,0.499731;;,
   2080;4;-0.488450,0.500029,0.491448,0.519487;;,
   2240;4;-0.466905,0.518654,0.474706,0.536332;;,
   2400;4;-0.451100,0.531326,0.463302,0.547314;;,
   2560;4;-0.441146,0.538392,0.458232,0.552763;;,
   2720;4;-0.434259,0.542480,0.457162,0.555101;;,
   2880;4;-0.431021,0.543543,0.459497,0.554658;;,
   3040;4;-0.432020,0.541414,0.464654,0.551658;;,
   3200;4;-0.437889,0.535837,0.472030,0.546187;;;
  }

  AnimationKey S {
   1;
   2;
   0;3;1.000000,1.000000,1.000000;;,
   3200;3;1.000000,1.000000,1.000000;;;
  }

  AnimationKey T {
   2;
   2;
   0;3;0.000000,0.000000,0.000000;;,
   3200;3;0.000000,0.000000,0.000000;;;
  }
 }

 Animation {
  
  { Bip01_Spine }

  AnimationKey R {
   0;
   21;
   0;4;0.996936,0.001445,-0.065115,0.043322;;,
   160;4;0.997793,0.003793,-0.065632,-0.009357;;,
   320;4;0.996581,0.004678,-0.067295,-0.047715;;,
   480;4;0.994811,0.004790,-0.069695,-0.073970;;,
   640;4;0.993293,0.004639,-0.072277,-0.090131;;,
   800;4;0.992391,0.004583,-0.074359,-0.098026;;,
   960;4;0.992268,0.004042,-0.075968,-0.098062;;,
   1120;4;0.992842,0.002542,-0.077530,-0.090818;;,
   1280;4;0.993821,0.000511,-0.078847,-0.078127;;,
   1440;4;0.994906,-0.001622,-0.079709,-0.061689;;,
   1600;4;0.995860,-0.003387,-0.079931,-0.043164;;,
   1760;4;0.996619,-0.005124,-0.079349,-0.020694;;,
   1920;4;0.996906,-0.007156,-0.078081,0.005599;;,
   2080;4;0.996547,-0.008988,-0.076409,0.031221;;,
   2240;4;0.995817,-0.010208,-0.074621,0.051733;;,
   2400;4;0.995315,-0.010490,-0.072970,0.062555;;,
   2560;4;0.995249,-0.009204,-0.071176,0.065794;;,
   2720;4;0.995383,-0.006497,-0.069134,0.066272;;,
   2880;4;0.995728,-0.003246,-0.067212,0.063236;;,
   3040;4;0.996270,-0.000313,-0.065744,0.055882;;,
   3200;4;0.996936,0.001445,-0.065115,0.043322;;;
  }

  AnimationKey S {
   1;
   2;
   0;3;1.000000,1.000000,1.000000;;,
   3200;3;1.000000,1.000000,1.000000;;;
  }

  AnimationKey T {
   2;
   21;
   0;3;0.050807,-0.008823,0.002310;;,
   160;3;0.051479,-0.003066,0.002224;;,
   320;3;0.051547,0.001824,0.002016;;,
   480;3;0.051260,0.005821,0.001747;;,
   640;3;0.050821,0.008919,0.001479;;,
   800;3;0.050393,0.011109,0.001276;;,
   960;3;0.050126,0.012272,0.001131;;,
   1120;3;0.050086,0.012443,0.001003;;,
   1280;3;0.050241,0.011813,0.000901;;,
   1440;3;0.050523,0.010547,0.000835;;,
   1600;3;0.050857,0.008797,0.000815;;,
   1760;3;0.051257,0.006040,0.000852;;,
   1920;3;0.051565,0.002167,0.000938;;,
   2080;3;0.051567,-0.002053,0.001059;;,
   2240;3;0.051272,-0.005848,0.001201;;,
   2400;3;0.050904,-0.008451,0.001351;;,
   2560;3;0.050646,-0.009851,0.001546;;,
   2720;3;0.050492,-0.010575,0.001795;;,
   2880;3;0.050468,-0.010644,0.002042;;,
   3040;3;0.050579,-0.010063,0.002232;;,
   3200;3;0.050807,-0.008823,0.002310;;;
  }
 }

 Animation {
  
  { Bip01_Spine1 }

  AnimationKey R {
   0;
   21;
   0;4;0.993909,0.080073,0.030777,0.069181;;,
   160;4;0.994813,0.073446,0.029848,0.063726;;,
   320;4;0.996800,0.056235,0.027789,0.049553;;,
   480;4;0.998706,0.032205,0.025757,0.029756;;,
   640;4;0.999657,0.005012,0.024645,0.007341;;,
   800;4;0.999351,-0.021619,0.024817,-0.014638;;,
   960;4;0.998112,-0.044382,0.026038,-0.033525;;,
   1120;4;0.996492,-0.062192,0.027744,-0.048653;;,
   1280;4;0.994990,-0.074510,0.029395,-0.059827;;,
   1440;4;0.994028,-0.080719,0.030528,-0.066787;;,
   1600;4;0.993909,-0.080073,0.030777,-0.069181;;,
   1760;4;0.995113,-0.070355,0.029588,-0.062649;;,
   1920;4;0.997202,-0.052181,0.027412,-0.045976;;,
   2080;4;0.998993,-0.028736,0.025470,-0.023217;;,
   2240;4;0.999691,-0.003150,0.024603,0.001673;;,
   2400;4;0.999153,0.021377,0.025033,0.024674;;,
   2560;4;0.997863,0.042081,0.026353,0.042474;;,
   2720;4;0.996380,0.058395,0.027961,0.055095;;,
   2880;4;0.995082,0.070268,0.029414,0.063314;;,
   3040;4;0.994213,0.077569,0.030416,0.067809;;,
   3200;4;0.993909,0.080073,0.030777,0.069181;;;
  }

  AnimationKey S {
   1;
   2;
   0;3;1.000000,1.000000,1.000000;;,
   3200;3;1.000000,1.000000,1.000000;;;
  }

  AnimationKey T {
   2;
   21;
   0;3;0.106484,-0.000014,-0.000084;;,
   160;3;0.106484,-0.000013,-0.000084;;,
   320;3;0.106484,-0.000010,-0.000084;;,
   480;3;0.106484,-0.000006,-0.000084;;,
   640;3;0.106484,-0.000001,-0.000085;;,
   800;3;0.106484,0.000004,-0.000085;;,
   960;3;0.106484,0.000008,-0.000084;;,
   1120;3;0.106484,0.000011,-0.000084;;,
   1280;3;0.106484,0.000013,-0.000084;;,
   1440;3;0.106484,0.000014,-0.000084;;,
   1600;3;0.106484,0.000014,-0.000084;;,
   1760;3;0.106484,0.000012,-0.000084;;,
   1920;3;0.106484,0.000009,-0.000084;;,
   2080;3;0.106484,0.000005,-0.000085;;,
   2240;3;0.106484,0.000001,-0.000085;;,
   2400;3;0.106484,-0.000004,-0.000085;;,
   2560;3;0.106484,-0.000007,-0.000084;;,
   2720;3;0.106484,-0.000010,-0.000084;;,
   2880;3;0.106484,-0.000012,-0.000084;;,
   3040;3;0.106484,-0.000013,-0.000084;;,
   3200;3;0.106484,-0.000014,-0.000084;;;
  }
 }

 Animation {
  
  { Bip01_Neck }

  AnimationKey R {
   0;
   2;
   0;4;0.979108,0.000000,0.203339,-0.000001;;,
   3200;4;0.979108,-0.000000,0.203339,-0.000001;;;
  }

  AnimationKey S {
   1;
   2;
   0;3;1.000000,1.000000,1.000000;;,
   3200;3;1.000000,1.000000,1.000000;;;
  }

  AnimationKey T {
   2;
   2;
   0;3;0.130515,0.000000,0.004627;;,
   3200;3;0.130515,0.000000,0.004627;;;
  }
 }

 Animation {
  
  { Bip01_Head }

  AnimationKey R {
   0;
   21;
   0;4;0.993428,-0.038402,-0.107538,0.007914;;,
   160;4;0.993813,-0.034211,-0.105410,0.007359;;,
   320;4;0.994632,-0.023477,-0.100610,0.005767;;,
   480;4;0.995375,-0.008817,-0.095607,0.003243;;,
   640;4;0.995694,0.007117,-0.092429,0.000069;;,
   800;4;0.995501,0.021517,-0.092218,-0.003222;;,
   960;4;0.994953,0.032006,-0.094909,-0.005988;;,
   1120;4;0.994297,0.038489,-0.099147,-0.007890;;,
   1280;4;0.993729,0.041437,-0.103482,-0.008829;;,
   1440;4;0.993401,0.041282,-0.106642,-0.008822;;,
   1600;4;0.993428,0.038402,-0.107538,-0.007913;;,
   1760;4;0.993957,0.031272,-0.105016,-0.006525;;,
   1920;4;0.994758,0.019577,-0.100243,-0.004936;;,
   2080;4;0.995392,0.005393,-0.095697,-0.002963;;,
   2240;4;0.995605,-0.009090,-0.093213,-0.000632;;,
   2400;4;0.995379,-0.021515,-0.093569,0.001804;;,
   2560;4;0.994890,-0.030007,-0.096322,0.004002;;,
   2720;4;0.994343,-0.035003,-0.100124,0.005743;;,
   2880;4;0.993867,-0.037469,-0.103810,0.006962;;,
   3040;4;0.993544,-0.038312,-0.106507,0.007676;;,
   3200;4;0.993428,-0.038402,-0.107538,0.007914;;;
  }

  AnimationKey S {
   1;
   2;
   0;3;1.000000,1.000000,1.000000;;,
   3200;3;1.000000,1.000000,1.000000;;;
  }

  AnimationKey T {
   2;
   2;
   0;3;0.033674,0.000000,-0.000000;;,
   3200;3;0.033674,0.000000,0.000000;;;
  }
 }

 Animation {
  
  { Bip01_HeadNub }

  AnimationKey R {
   0;
   2;
   0;4;1.000000,0.000000,0.000000,0.000000;;,
   3200;4;1.000000,0.000000,-0.000000,-0.000000;;;
  }

  AnimationKey S {
   1;
   2;
   0;3;1.000000,1.000000,1.000000;;,
   3200;3;1.000000,1.000000,1.000000;;;
  }

  AnimationKey T {
   2;
   2;
   0;3;0.169824,0.000000,-0.000000;;,
   3200;3;0.169824,-0.000000,0.000000;;;
  }
 }

 Animation {
  
  { Bip01_L_Clavicle }

  AnimationKey R {
   0;
   21;
   0;4;0.162784,0.588685,0.782268,-0.122503;;,
   160;4;0.162449,0.590822,0.780656,-0.122947;;,
   320;4;0.161571,0.596353,0.776439,-0.124098;;,
   480;4;0.160331,0.604032,0.770480,-0.125696;;,
   640;4;0.158903,0.612685,0.763617,-0.127497;;,
   800;4;0.157469,0.621176,0.756727,-0.129264;;,
   960;4;0.156199,0.628540,0.750621,-0.130796;;,
   1120;4;0.155150,0.634508,0.745583,-0.132038;;,
   1280;4;0.154355,0.638970,0.741763,-0.132966;;,
   1440;4;0.153849,0.641785,0.739329,-0.133552;;,
   1600;4;0.153670,0.642771,0.738471,-0.133758;;,
   1760;4;0.153841,0.640718,0.740253,-0.133562;;,
   1920;4;0.154330,0.635367,0.744850,-0.132999;;,
   2080;4;0.155107,0.627850,0.751196,-0.132101;;,
   2240;4;0.156143,0.619259,0.758292,-0.130886;;,
   2400;4;0.157409,0.610717,0.765187,-0.129366;;,
   2560;4;0.158849,0.603245,0.771092,-0.127588;;,
   2720;4;0.160290,0.597154,0.775821,-0.125761;;,
   2880;4;0.161548,0.592583,0.779319,-0.124133;;,
   3040;4;0.162441,0.589696,0.781507,-0.122957;;,
   3200;4;0.162784,0.588686,0.782268,-0.122503;;;
  }

  AnimationKey S {
   1;
   2;
   0;3;1.000000,1.000000,1.000000;;,
   3200;3;1.000000,1.000000,1.000000;;;
  }

  AnimationKey T {
   2;
   2;
   0;3;-0.023890,0.015715,0.005326;;,
   3200;3;-0.023890,0.015715,0.005326;;;
  }
 }

 Animation {
  
  { Bip01_L_UpperArm }

  AnimationKey R {
   0;
   21;
   0;4;0.813156,0.053735,0.160620,0.556858;;,
   160;4;0.812769,0.053767,0.153200,0.559505;;,
   320;4;0.811864,0.052970,0.136264,0.565247;;,
   480;4;0.810811,0.050043,0.117420,0.571221;;,
   640;4;0.809372,0.044255,0.104200,0.576282;;,
   800;4;0.806243,0.035549,0.104388,0.581216;;,
   960;4;0.804080,0.031535,0.095550,0.585944;;,
   1120;4;0.806365,0.036670,0.061217,0.587097;;,
   1280;4;0.811031,0.046889,0.017813,0.582849;;,
   1440;4;0.815456,0.057942,-0.019552,0.575580;;,
   1600;4;0.817238,0.065027,-0.036964,0.571425;;,
   1760;4;0.815400,0.065795,-0.024887,0.574609;;,
   1920;4;0.812123,0.063300,0.007599,0.579993;;,
   2080;4;0.809924,0.060097,0.046491,0.581592;;,
   2240;4;0.810373,0.058529,0.076946,0.577884;;,
   2400;4;0.813606,0.061606,0.083753,0.572045;;,
   2560;4;0.816048,0.065046,0.085131,0.567968;;,
   2720;4;0.816115,0.063632,0.103085,0.565049;;,
   2880;4;0.815088,0.059734,0.128185,0.561811;;,
   3040;4;0.813813,0.055641,0.150744,0.558471;;,
   3200;4;0.813156,0.053735,0.160620,0.556858;;;
  }

  AnimationKey S {
   1;
   2;
   0;3;1.000000,1.000000,1.000000;;,
   3200;3;1.000000,1.000000,1.000000;;;
  }

  AnimationKey T {
   2;
   2;
   0;3;0.087086,0.000000,0.000000;;,
   3200;3;0.087086,0.000000,0.000000;;;
  }
 }

 Animation {
  
  { Bip01_L_Forearm }

  AnimationKey R {
   0;
   21;
   0;4;0.985885,0.000000,-0.167423,-0.000000;;,
   160;4;0.987032,-0.000000,-0.160525,-0.000000;;,
   320;4;0.988282,-0.000000,-0.152640,-0.000000;;,
   480;4;0.989491,-0.000000,-0.144597,-0.000000;;,
   640;4;0.990541,0.000000,-0.137215,0.000000;;,
   800;4;0.991337,-0.000000,-0.131341,-0.000000;;,
   960;4;0.992071,0.000000,-0.125680,-0.000000;;,
   1120;4;0.992813,-0.000000,-0.119680,0.000000;;,
   1280;4;0.993332,-0.000000,-0.115292,-0.000000;;,
   1440;4;0.993426,-0.000000,-0.114473,0.000000;;,
   1600;4;0.992861,0.000000,-0.119274,-0.000000;;,
   1760;4;0.990614,-0.000000,-0.136693,0.000000;;,
   1920;4;0.986096,-0.000000,-0.166175,0.000000;;,
   2080;4;0.980000,-0.000000,-0.199000,0.000000;;,
   2240;4;0.973945,0.000000,-0.226785,-0.000000;;,
   2400;4;0.970493,-0.000000,-0.241131,-0.000000;;,
   2560;4;0.970305,-0.000000,-0.241886,0.000000;;,
   2720;4;0.972026,-0.000000,-0.234875,0.000000;;,
   2880;4;0.975453,-0.000000,-0.220207,-0.000000;;,
   3040;4;0.980241,0.000000,-0.197805,0.000000;;,
   3200;4;0.985885,0.000000,-0.167423,-0.000000;;;
  }

  AnimationKey S {
   1;
   2;
   0;3;1.000000,1.000000,1.000000;;,
   3200;3;1.000000,1.000000,1.000000;;;
  }

  AnimationKey T {
   2;
   2;
   0;3;0.137062,0.000000,0.000000;;,
   3200;3;0.137062,0.000000,-0.000000;;;
  }
 }

 Animation {
  
  { Bip01_L_Hand }

  AnimationKey R {
   0;
   21;
   0;4;0.707388,-0.706825,-0.000000,-0.000000;;,
   160;4;0.707216,-0.706653,0.015633,-0.015620;;,
   320;4;0.706910,-0.706348,0.026003,-0.025982;;,
   480;4;0.706699,-0.706137,0.031213,-0.031188;;,
   640;4;0.706697,-0.706134,0.031268,-0.031243;;,
   800;4;0.706908,-0.706345,0.026067,-0.026046;;,
   960;4;0.705320,-0.708717,0.011038,-0.011092;;,
   1120;4;0.701337,-0.712573,-0.013409,0.013624;;,
   1280;4;0.697327,-0.714401,-0.040533,0.041525;;,
   1440;4;0.696515,-0.711635,-0.064274,0.065669;;,
   1600;4;0.702988,-0.702428,-0.078779,0.078716;;,
   1760;4;0.723295,-0.681246,-0.082188,0.077410;;,
   1920;4;0.753894,-0.648876,-0.078050,0.067178;;,
   2080;4;0.785084,-0.613300,-0.068272,0.053333;;,
   2240;4;0.808888,-0.583933,-0.055726,0.040228;;,
   2400;4;0.818629,-0.571760,-0.044430,0.031031;;,
   2560;4;0.814935,-0.577946,-0.035166,0.024940;;,
   2720;4;0.802795,-0.595388,-0.025824,0.019152;;,
   2880;4;0.781655,-0.623347,-0.016662,0.013287;;,
   3040;4;0.750401,-0.660898,-0.007949,0.007001;;,
   3200;4;0.707388,-0.706825,-0.000000,-0.000000;;;
  }

  AnimationKey S {
   1;
   2;
   0;3;1.000000,1.000000,1.000000;;,
   3200;3;1.000000,1.000000,1.000000;;;
  }

  AnimationKey T {
   2;
   2;
   0;3;0.137062,0.000000,-0.000000;;,
   3200;3;0.137062,0.000000,-0.000000;;;
  }
 }

 Animation {
  
  { Bip01_L_Finger0 }

  AnimationKey R {
   0;
   21;
   0;4;0.874368,0.283991,0.331708,0.211657;;,
   160;4;0.870887,0.286168,0.340744,0.208705;;,
   320;4;0.861701,0.291515,0.363349,0.201168;;,
   480;4;0.848705,0.298257,0.392748,0.191031;;,
   640;4;0.834357,0.304795,0.422372,0.180416;;,
   800;4;0.821952,0.309824,0.446032,0.171637;;,
   960;4;0.810585,0.314003,0.466371,0.163865;;,
   1120;4;0.798074,0.318193,0.487472,0.155572;;,
   1280;4;0.786609,0.321699,0.505763,0.148186;;,
   1440;4;0.778693,0.323953,0.517869,0.143193;;,
   1600;4;0.776935,0.324436,0.520502,0.142095;;,
   1760;4;0.783637,0.322561,0.510356,0.146302;;,
   1920;4;0.796841,0.318585,0.489484,0.154769;;,
   2080;4;0.812726,0.313245,0.462630,0.165310;;,
   2240;4;0.827922,0.307469,0.434851,0.175820;;,
   2400;4;0.839730,0.302445,0.411586,0.184329;;,
   2560;4;0.849466,0.297885,0.391098,0.191610;;,
   2720;4;0.858947,0.293018,0.369811,0.198973;;,
   2880;4;0.866911,0.288549,0.350737,0.205400;;,
   3040;4;0.872348,0.285265,0.336986,0.209937;;,
   3200;4;0.874368,0.283991,0.331708,0.211657;;;
  }

  AnimationKey S {
   1;
   2;
   0;3;1.000000,1.000000,1.000001;;,
   3200;3;1.000000,1.000000,1.000001;;;
  }

  AnimationKey T {
   2;
   2;
   0;3;0.057681,-0.023605,-0.000272;;,
   3200;3;0.057681,-0.023605,-0.000272;;;
  }
 }

 Animation {
  
  { Bip01_L_Finger0Nub }

  AnimationKey R {
   0;
   2;
   0;4;1.000000,0.000000,-0.000000,0.000000;;,
   3200;4;1.000000,0.000000,0.000000,0.000000;;;
  }

  AnimationKey S {
   1;
   2;
   0;3;1.000000,1.000000,1.000000;;,
   3200;3;1.000000,1.000000,1.000000;;;
  }

  AnimationKey T {
   2;
   2;
   0;3;0.029435,-0.000000,0.000000;;,
   3200;3;0.029435,0.000000,0.000000;;;
  }
 }

 Animation {
  
  { Bip01_L_Finger1 }

  AnimationKey R {
   0;
   21;
   0;4;0.929537,-0.000370,0.368728,0.000147;;,
   160;4;0.925670,-0.000369,0.378333,0.000151;;,
   320;4;0.915484,-0.000364,0.402354,0.000160;;,
   480;4;0.901116,-0.000359,0.433579,0.000173;;,
   640;4;0.885299,-0.000352,0.465022,0.000185;;,
   800;4;0.871655,-0.000347,0.490120,0.000195;;,
   960;4;0.859175,-0.000342,0.511683,0.000204;;,
   1120;4;0.845458,-0.000337,0.534043,0.000213;;,
   1280;4;0.832906,-0.000332,0.553415,0.000220;;,
   1440;4;0.824246,-0.000328,0.566231,0.000225;;,
